octave:32> look_for_common_circuits(A1, T8, 4)
p =

   3   2   1   7   4   5   6   8

matriz permutada =

   0   0   1   1   0   0   1   1
   0   1   0   1   0   1   0   1
   1   0   0   0   0   1   1  -1
   0   0   0   1   1   1   1   0

matriz aplicando gauss-jordan =

   1   0   0   0   0   1   1  -1
   0   1   0   0  -1   0  -1   1
   0   0   1   0  -1  -1   0   1
   0   0   0   1   1   1   1   0

ans = --------------------******---------------
p =

   2   3   1   7   5   4   6   8

matriz permutada =

   0   0   1   1   0   0   1   1
   1   0   0   1   1   0   0   1
   0   1   0   0   1   0   1  -1
   0   0   0   1   1   1   1   0

matriz aplicando gauss-jordan =

   1   0   0   0   0  -1  -1   1
   0   1   0   0   1   0   1  -1
   0   0   1   0  -1  -1   0   1
   0   0   0   1   1   1   1   0

ans = --------------------******---------------
p =

   3   1   2   7   4   6   5   8

matriz permutada =

   0   1   0   1   0   1   0   1
   0   0   1   1   0   0   1   1
   1   0   0   0   0   1   1  -1
   0   0   0   1   1   1   1   0

matriz aplicando gauss-jordan =

   1   0   0   0   0   1   1  -1
   0   1   0   0  -1   0  -1   1
   0   0   1   0  -1  -1   0   1
   0   0   0   1   1   1   1   0

ans = --------------------******---------------
p =

   2   1   3   7   5   6   4   8

matriz permutada =

   0   1   0   1   0   1   0   1
   1   0   0   1   1   0   0   1
   0   0   1   0   1   1   0  -1
   0   0   0   1   1   1   1   0

matriz aplicando gauss-jordan =

   1   0   0   0   0  -1  -1   1
   0   1   0   0  -1   0  -1   1
   0   0   1   0   1   1   0  -1
   0   0   0   1   1   1   1   0

ans = --------------------******---------------
p =

   1   3   2   7   6   4   5   8

matriz permutada =

   1   0   0   1   1   0   0   1
   0   0   1   1   0   0   1   1
   0   1   0   0   1   0   1  -1
   0   0   0   1   1   1   1   0

matriz aplicando gauss-jordan =

   1   0   0   0   0  -1  -1   1
   0   1   0   0   1   0   1  -1
   0   0   1   0  -1  -1   0   1
   0   0   0   1   1   1   1   0

ans = --------------------******---------------
p =

   1   2   3   7   6   5   4   8

matriz permutada =

   1   0   0   1   1   0   0   1
   0   1   0   1   0   1   0   1
   0   0   1   0   1   1   0  -1
   0   0   0   1   1   1   1   0

matriz aplicando gauss-jordan =

   1   0   0   0   0  -1  -1   1
   0   1   0   0  -1   0  -1   1
   0   0   1   0   1   1   0  -1
   0   0   0   1   1   1   1   0

ans = --------------------******---------------
p =

   3   2   7   1   4   5   8   6

matriz permutada =

   0   0   1   1   0   0   1   1
   0   1   1   0   0   1   1   0
   1   0   0   0   0   1  -1   1
   0   0   1   0   1   1   0   1

matriz aplicando gauss-jordan =

   1   0   0   0   0   1  -1   1
   0   1   0   0  -1   0   1  -1
   0   0   1   0   1   1   0   1
   0   0   0   1  -1  -1   1   0

ans = --------------------******---------------
p =

   2   3   7   1   5   4   8   6

matriz permutada =

   0   0   1   1   0   0   1   1
   1   0   1   0   1   0   1   0
   0   1   0   0   1   0  -1   1
   0   0   1   0   1   1   0   1

matriz aplicando gauss-jordan =

   1   0   0   0   0  -1   1  -1
   0   1   0   0   1   0  -1   1
   0   0   1   0   1   1   0   1
   0   0   0   1  -1  -1   1   0

ans = --------------------******---------------
p =

   3   1   7   2   4   6   8   5

matriz permutada =

   0   1   1   0   0   1   1   0
   0   0   1   1   0   0   1   1
   1   0   0   0   0   1  -1   1
   0   0   1   0   1   1   0   1

matriz aplicando gauss-jordan =

   1   0   0   0   0   1  -1   1
   0   1   0   0  -1   0   1  -1
   0   0   1   0   1   1   0   1
   0   0   0   1  -1  -1   1   0

ans = --------------------******---------------
p =

   2   1   7   3   5   6   8   4

matriz permutada =

   0   1   1   0   0   1   1   0
   1   0   1   0   1   0   1   0
   0   0   0   1   1   1  -1   0
   0   0   1   0   1   1   0   1

matriz aplicando gauss-jordan =

   1   0   0   0   0  -1   1  -1
   0   1   0   0  -1   0   1  -1
   0   0   1   0   1   1   0   1
   0   0   0   1   1   1  -1   0

ans = --------------------******---------------
p =

   1   3   7   2   6   4   8   5

matriz permutada =

   1   0   1   0   1   0   1   0
   0   0   1   1   0   0   1   1
   0   1   0   0   1   0  -1   1
   0   0   1   0   1   1   0   1

matriz aplicando gauss-jordan =

   1   0   0   0   0  -1   1  -1
   0   1   0   0   1   0  -1   1
   0   0   1   0   1   1   0   1
   0   0   0   1  -1  -1   1   0

ans = --------------------******---------------
p =

   1   2   7   3   6   5   8   4

matriz permutada =

   1   0   1   0   1   0   1   0
   0   1   1   0   0   1   1   0
   0   0   0   1   1   1  -1   0
   0   0   1   0   1   1   0   1

matriz aplicando gauss-jordan =

   1   0   0   0   0  -1   1  -1
   0   1   0   0  -1   0   1  -1
   0   0   1   0   1   1   0   1
   0   0   0   1   1   1  -1   0

ans = --------------------******---------------
p =

   3   7   2   1   4   8   5   6

matriz permutada =

   0   1   0   1   0   1   0   1
   0   1   1   0   0   1   1   0
   1   0   0   0   0  -1   1   1
   0   1   0   0   1   0   1   1

matriz aplicando gauss-jordan =

   1   0   0   0   0  -1   1   1
   0   1   0   0   1   0   1   1
   0   0   1   0  -1   1   0  -1
   0   0   0   1  -1   1  -1   0

ans = --------------------******---------------
p =

   2   7   3   1   5   8   4   6

matriz permutada =

   0   1   0   1   0   1   0   1
   1   1   0   0   1   1   0   0
   0   0   1   0   1  -1   0   1
   0   1   0   0   1   0   1   1

matriz aplicando gauss-jordan =

   1   0   0   0   0   1  -1  -1
   0   1   0   0   1   0   1   1
   0   0   1   0   1  -1   0   1
   0   0   0   1  -1   1  -1   0

ans = --------------------******---------------
p =

   3   7   1   2   4   8   6   5

matriz permutada =

   0   1   1   0   0   1   1   0
   0   1   0   1   0   1   0   1
   1   0   0   0   0  -1   1   1
   0   1   0   0   1   0   1   1

matriz aplicando gauss-jordan =

   1   0   0   0   0  -1   1   1
   0   1   0   0   1   0   1   1
   0   0   1   0  -1   1   0  -1
   0   0   0   1  -1   1  -1   0

ans = --------------------******---------------
p =

   2   7   1   3   5   8   6   4

matriz permutada =

   0   1   1   0   0   1   1   0
   1   1   0   0   1   1   0   0
   0   0   0   1   1  -1   1   0
   0   1   0   0   1   0   1   1

matriz aplicando gauss-jordan =

   1   0   0   0   0   1  -1  -1
   0   1   0   0   1   0   1   1
   0   0   1   0  -1   1   0  -1
   0   0   0   1   1  -1   1   0

ans = --------------------******---------------
p =

   1   7   3   2   6   8   4   5

matriz permutada =

   1   1   0   0   1   1   0   0
   0   1   0   1   0   1   0   1
   0   0   1   0   1  -1   0   1
   0   1   0   0   1   0   1   1

matriz aplicando gauss-jordan =

   1   0   0   0   0   1  -1  -1
   0   1   0   0   1   0   1   1
   0   0   1   0   1  -1   0   1
   0   0   0   1  -1   1  -1   0

ans = --------------------******---------------
p =

   1   7   2   3   6   8   5   4

matriz permutada =

   1   1   0   0   1   1   0   0
   0   1   1   0   0   1   1   0
   0   0   0   1   1  -1   1   0
   0   1   0   0   1   0   1   1

matriz aplicando gauss-jordan =

   1   0   0   0   0   1  -1  -1
   0   1   0   0   1   0   1   1
   0   0   1   0  -1   1   0  -1
   0   0   0   1   1  -1   1   0

ans = --------------------******---------------
p =

   7   3   2   1   8   4   5   6

matriz permutada =

   1   0   0   1   1   0   0   1
   1   0   1   0   1   0   1   0
   0   1   0   0  -1   0   1   1
   1   0   0   0   0   1   1   1

matriz aplicando gauss-jordan =

   1   0   0   0   0   1   1   1
   0   1   0   0  -1   0   1   1
   0   0   1   0   1  -1   0  -1
   0   0   0   1   1  -1  -1   0

ans = --------------------******---------------
p =

   7   2   3   1   8   5   4   6

