octave:29> brute_force(A2, R8, 4)
p =

   3  -1   1   8   4   5   6   7

matriz permutada =

   0   0   1  -1   0   0   1   1
   0   1   0  -1   0   1   0   1
   1   0   0  -1   0   1   1   0
   0   0   0   1   1   1   1   1

matriz aplicando gauss-jordan =

   1   0   0   0   1  -1  -1   1
   0   1   0   0   1  -1   1  -1
   0   0   1   0   1   1  -1  -1
   0   0   0   1   1   1   1   1

ans = --------------------******---------------
p =

  -1   3   1   8   5   4   6   7

matriz permutada =

   0   0   1  -1   0   0   1   1
   1   0   0  -1   1   0   0   1
   0   1   0  -1   1   0   1   0
   0   0   0   1   1   1   1   1

matriz aplicando gauss-jordan =

   1   0   0   0  -1   1   1  -1
   0   1   0   0  -1   1  -1   1
   0   0   1   0   1   1  -1  -1
   0   0   0   1   1   1   1   1

ans = --------------------******---------------
p =

   3   1  -1   8   4   6   5   7

matriz permutada =

   0   1   0  -1   0   1   0   1
   0   0   1  -1   0   0   1   1
   1   0   0  -1   0   1   1   0
   0   0   0   1   1   1   1   1

matriz aplicando gauss-jordan =

   1   0   0   0   1  -1  -1   1
   0   1   0   0   1  -1   1  -1
   0   0   1   0   1   1  -1  -1
   0   0   0   1   1   1   1   1

ans = --------------------******---------------
p =

  -1   1   3   8   5   6   4   7

matriz permutada =

   0   1   0  -1   0   1   0   1
   1   0   0  -1   1   0   0   1
   0   0   1  -1   1   1   0   0
   0   0   0   1   1   1   1   1

matriz aplicando gauss-jordan =

   1   0   0   0  -1   1   1  -1
   0   1   0   0   1  -1   1  -1
   0   0   1   0  -1  -1   1   1
   0   0   0   1   1   1   1   1

ans = --------------------******---------------
p =

   1   3  -1   8   6   4   5   7

matriz permutada =

   1   0   0  -1   1   0   0   1
   0   0   1  -1   0   0   1   1
   0   1   0  -1   1   0   1   0
   0   0   0   1   1   1   1   1

matriz aplicando gauss-jordan =

   1   0   0   0  -1   1   1  -1
   0   1   0   0  -1   1  -1   1
   0   0   1   0   1   1  -1  -1
   0   0   0   1   1   1   1   1

ans = --------------------******---------------
p =

   1  -1   3   8   6   5   4   7

matriz permutada =

   1   0   0  -1   1   0   0   1
   0   1   0  -1   0   1   0   1
   0   0   1  -1   1   1   0   0
   0   0   0   1   1   1   1   1

matriz aplicando gauss-jordan =

   1   0   0   0  -1   1   1  -1
   0   1   0   0   1  -1   1  -1
   0   0   1   0  -1  -1   1   1
   0   0   0   1   1   1   1   1

ans = --------------------******---------------
p =

  -1   3   1   8   4   5   7   6

matriz permutada =

   0   0   1  -1   0   0   1   1
   1   0   0  -1   0   1   1   0
   0   1   0  -1   0   1   0   1
   0   0   0   1   1   1   1   1

matriz aplicando gauss-jordan =

   1   0   0   0   1  -1  -1   1
   0   1   0   0   1  -1   1  -1
   0   0   1   0   1   1  -1  -1
   0   0   0   1   1   1   1   1

ans = --------------------******---------------
p =

   3  -1   1   8   5   4   7   6

matriz permutada =

   0   0   1  -1   0   0   1   1
   0   1   0  -1   1   0   1   0
   1   0   0  -1   1   0   0   1
   0   0   0   1   1   1   1   1

matriz aplicando gauss-jordan =

   1   0   0   0  -1   1   1  -1
   0   1   0   0  -1   1  -1   1
   0   0   1   0   1   1  -1  -1
   0   0   0   1   1   1   1   1

ans = --------------------******---------------
p =

   1   3  -1   8   4   6   7   5

matriz permutada =

   1   0   0  -1   0   1   1   0
   0   0   1  -1   0   0   1   1
   0   1   0  -1   0   1   0   1
   0   0   0   1   1   1   1   1

matriz aplicando gauss-jordan =

   1   0   0   0   1  -1  -1   1
   0   1   0   0   1  -1   1  -1
   0   0   1   0   1   1  -1  -1
   0   0   0   1   1   1   1   1

ans = --------------------******---------------
p =

   1  -1   3   8   5   6   7   4

matriz permutada =

   1   0   0  -1   0   1   1   0
   0   1   0  -1   1   0   1   0
   0   0   1  -1   1   1   0   0
   0   0   0   1   1   1   1   1

matriz aplicando gauss-jordan =

   1   0   0   0   1  -1  -1   1
   0   1   0   0  -1   1  -1   1
   0   0   1   0  -1  -1   1   1
   0   0   0   1   1   1   1   1

ans = --------------------******---------------
p =

   3   1  -1   8   6   4   7   5

matriz permutada =

   0   1   0  -1   1   0   1   0
   0   0   1  -1   0   0   1   1
   1   0   0  -1   1   0   0   1
   0   0   0   1   1   1   1   1

matriz aplicando gauss-jordan =

   1   0   0   0  -1   1   1  -1
   0   1   0   0  -1   1  -1   1
   0   0   1   0   1   1  -1  -1
   0   0   0   1   1   1   1   1

ans = --------------------******---------------
p =

  -1   1   3   8   6   5   7   4

matriz permutada =

   0   1   0  -1   1   0   1   0
   1   0   0  -1   0   1   1   0
   0   0   1  -1   1   1   0   0
   0   0   0   1   1   1   1   1

matriz aplicando gauss-jordan =

   1   0   0   0   1  -1  -1   1
   0   1   0   0  -1   1  -1   1
   0   0   1   0  -1  -1   1   1
   0   0   0   1   1   1   1   1

ans = --------------------******---------------
p =

  -1   1   3   8   4   7   5   6

matriz permutada =

   0   1   0  -1   0   1   0   1
   1   0   0  -1   0   1   1   0
   0   0   1  -1   0   0   1   1
   0   0   0   1   1   1   1   1

matriz aplicando gauss-jordan =

   1   0   0   0   1  -1  -1   1
   0   1   0   0   1  -1   1  -1
   0   0   1   0   1   1  -1  -1
   0   0   0   1   1   1   1   1

ans = --------------------******---------------
p =

   3   1  -1   8   5   7   4   6

matriz permutada =

   0   1   0  -1   0   1   0   1
   0   0   1  -1   1   1   0   0
   1   0   0  -1   1   0   0   1
   0   0   0   1   1   1   1   1

matriz aplicando gauss-jordan =

   1   0   0   0  -1   1   1  -1
   0   1   0   0   1  -1   1  -1
   0   0   1   0  -1  -1   1   1
   0   0   0   1   1   1   1   1

ans = --------------------******---------------
p =

   1  -1   3   8   4   7   6   5

matriz permutada =

   1   0   0  -1   0   1   1   0
   0   1   0  -1   0   1   0   1
   0   0   1  -1   0   0   1   1
   0   0   0   1   1   1   1   1

matriz aplicando gauss-jordan =

   1   0   0   0   1  -1  -1   1
   0   1   0   0   1  -1   1  -1
   0   0   1   0   1   1  -1  -1
   0   0   0   1   1   1   1   1

ans = --------------------******---------------
p =

   1   3  -1   8   5   7   6   4

matriz permutada =

   1   0   0  -1   0   1   1   0
   0   0   1  -1   1   1   0   0
   0   1   0  -1   1   0   1   0
   0   0   0   1   1   1   1   1

matriz aplicando gauss-jordan =

   1   0   0   0   1  -1  -1   1
   0   1   0   0  -1   1  -1   1
   0   0   1   0  -1  -1   1   1
   0   0   0   1   1   1   1   1

ans = --------------------******---------------
p =

   3  -1   1   8   6   7   4   5

matriz permutada =

   0   0   1  -1   1   1   0   0
   0   1   0  -1   0   1   0   1
   1   0   0  -1   1   0   0   1
   0   0   0   1   1   1   1   1

matriz aplicando gauss-jordan =

   1   0   0   0  -1   1   1  -1
   0   1   0   0   1  -1   1  -1
   0   0   1   0  -1  -1   1   1
   0   0   0   1   1   1   1   1

ans = --------------------******---------------
p =

  -1   3   1   8   6   7   5   4

matriz permutada =

   0   0   1  -1   1   1   0   0
   1   0   0  -1   0   1   1   0
   0   1   0  -1   1   0   1   0
   0   0   0   1   1   1   1   1

matriz aplicando gauss-jordan =

   1   0   0   0   1  -1  -1   1
   0   1   0   0  -1   1  -1   1
   0   0   1   0  -1  -1   1   1
   0   0   0   1   1   1   1   1

ans = --------------------******---------------
p =

   1  -1   3   8   7   4   5   6

matriz permutada =

   1   0   0  -1   1   0   0   1
   0   1   0  -1   1   0   1   0
   0   0   1  -1   0   0   1   1
   0   0   0   1   1   1   1   1

matriz aplicando gauss-jordan =

   1   0   0   0  -1   1   1  -1
   0   1   0   0  -1   1  -1   1
   0   0   1   0   1   1  -1  -1
   0   0   0   1   1   1   1   1

ans = --------------------******---------------
p =

   1   3  -1   8   7   5   4   6

